snp1	snp2	statistic	p

value
1.42834e-13
2.78072e-10
1.23218e-05
0.00138333
2.557e-06
3.43148e-06
0.000809058
2.29108e-06
0.00049732
4.36199e-05
0.000461474
3.82923e-05
3.43857e-05
7.87268e-09
5.37021e-05
4.79211e-05
0.000535104
0.00107529
0.000407203
0.000398147
0.000995287
0.00108527
4.95989e-05
0.00254799
0.00183042
0.000882156
2.48446e-05
0.000477693
0.000859968
0.0039493
0.00120669
0.00322106
0.0012506
0.00448613
0.000367556
0.00150618
0.000217675
0.00311558
0.000646801
0.000270699
0.00110491
0.00108208
0.00827268
3.41351e-05
0.000319503
0.000691009
0.000333828
0.000304634
0.00934079
0.000562478
0.00160714
0.00852916
0.00245822
0.00469875
0.00601197
0.00454605
0.000807328
0.00682821
0.000867605
0.0061312
0.00455189
5.92355e-13
2.43776e-13
7.055e-13
4.10546e-12
5.38008e-12
6.58776e-12
8.14576e-12
7.84107e-09
7.26588e-09
1.69744e-08
7.99585e-08
2.86534e-07
1.35965e-08
3.99571e-07
4.18351e-06
1.34407e-06
1.0542e-06
1.46954e-06
4.49681e-05
2.69814e-06
5.80956e-07
2.30651e-06
1.86695e-05
6.99754e-07
7.554e-07
4.91367e-07
6.63549e-07
3.01219e-06
1.22999e-06
2.65267e-05
6.32815e-06
1.67511e-07
1.33242e-06
8.89284e-07
3.24606e-05
1.17956e-06
9.34813e-05
6.06815e-06
8.31559e-06
5.26001e-07
0.000122697
6.00431e-05
0.000115298
0.000142665
7.9659e-05
0.000116301
6.79159e-05
0.000126947
3.99994e-05
0.00213806
0.000324143
0.000536108
9.42002e-05
0.00229861
0.00311966
0.000911428
0.00232321
